$ANSIBLE_VAULT;1.1;AES256
63633761396232386563333031393862336139613264336533323261646261626662323839323063
3734643039363030363338333435336137633835646630320a663666316465373832373262656432
32633738663237336630386663633530383936353836336430383531663865643434366263336465
3034363466646637370a386139306532373636626338656639643434313531343365373332336664
31393132396365313135343632313363613765333930363936383536313137643438393161303363
62366138613139386464303765636337363364656630633565363132333262633932623232646166
31373330346533373335356538376132616137383765643239366261373038633438393833633762
65353631353062356266623538666230313931363963656533653366393333663335356338313265
30353736316235663466336432313262303934376134303432646261333132663936363730353831
63663135306132623837336666643836633938623139623731353635326266336236353564373231
38666562623533396566623639336363646232346265306538306234316666376137623264373234
30616366633962613634323139633566643462306466323162643131336561663636366434623661
31633861323137376636303562343064623737623932326161373631373830666566636337393566
39313663346466353435666439366236653137616536326563656366396139333761613461303461
37396130336662646533346664653466306538643032313932613331346139616635313566613365
61333236323934303337623131643565313461636261303961363233373533613564333133373536
6438
